+----------------------------------------------------------------------------------------------------------------------------------------------------------------------------------------------------------------+
; Legal Partition Candidates                                                                                                                                                                                     ;
+-----------+-------+----------------+--------------+----------------+--------+-----------------+---------------+-----------------+-------+----------------+--------------+------------------+-------------------+
; Hierarchy ; Input ; Constant Input ; Unused Input ; Floating Input ; Output ; Constant Output ; Unused Output ; Floating Output ; Bidir ; Constant Bidir ; Unused Bidir ; Input only Bidir ; Output only Bidir ;
+-----------+-------+----------------+--------------+----------------+--------+-----------------+---------------+-----------------+-------+----------------+--------------+------------------+-------------------+
; SR|FF7    ; 4     ; 2              ; 0            ; 2              ; 0      ; 2               ; 2             ; 2               ; 1     ; 0              ; 0            ; 0                ; 0                 ;
; SR|FF6    ; 4     ; 2              ; 0            ; 2              ; 0      ; 2               ; 2             ; 2               ; 1     ; 0              ; 0            ; 0                ; 0                 ;
; SR|FF5    ; 4     ; 2              ; 0            ; 2              ; 0      ; 2               ; 2             ; 2               ; 1     ; 0              ; 0            ; 0                ; 0                 ;
; SR|FF4    ; 4     ; 2              ; 0            ; 2              ; 0      ; 2               ; 2             ; 2               ; 1     ; 0              ; 0            ; 0                ; 0                 ;
; SR|FF3    ; 4     ; 2              ; 0            ; 2              ; 0      ; 2               ; 2             ; 2               ; 1     ; 0              ; 0            ; 0                ; 0                 ;
; SR|FF2    ; 4     ; 2              ; 0            ; 2              ; 0      ; 2               ; 2             ; 2               ; 1     ; 0              ; 0            ; 0                ; 0                 ;
; SR|FF1    ; 4     ; 2              ; 0            ; 2              ; 0      ; 2               ; 2             ; 2               ; 1     ; 0              ; 0            ; 0                ; 0                 ;
; SR|FF0    ; 4     ; 2              ; 0            ; 2              ; 0      ; 2               ; 2             ; 2               ; 1     ; 0              ; 0            ; 0                ; 0                 ;
; SR        ; 10    ; 0              ; 0            ; 0              ; 0      ; 0               ; 0             ; 0               ; 2     ; 0              ; 1            ; 0                ; 1                 ;
+-----------+-------+----------------+--------------+----------------+--------+-----------------+---------------+-----------------+-------+----------------+--------------+------------------+-------------------+
